#Accelerometer
accelerometer_noise_density: 0.0020336576258428514 
accelerometer_random_walk: 4.7067097860282e-05 

#Gyroscope
gyroscope_noise_density: 0.0001265885614038719 
gyroscope_random_walk: 3.6255394596011947e-06 

rostopic: '/imu/data' 
update_rate: 100 

