cam0:
  cam_overlaps: [1]
  camera_model: pinhole
  distortion_coeffs: [0.04546553352179941, 3.6459603047850697, -15.185381089410448, 19.39493004543834]
  distortion_model: equidistant
  intrinsics: [706.4005902794389, 706.5149884233045, 528.5042491688196, 287.87360748914455]
  resolution: [960, 600]
  rostopic: /zed/zed_node/left/gray/raw/image
cam1:
  T_cn_cnm1:
  - [0.9964167115800125, 0.001060754391194481, 0.08457311442889567, -0.1450136214850565]
  - [-0.0006936284058552931, 0.9999902100861411, -0.004370195821395321, -0.0002490548521830325]
  - [-0.08457692216979826, 0.00429587383477589, 0.9964076925156122, 0.003916940096283445]
  - [0.0, 0.0, 0.0, 1.0]
  cam_overlaps: [0]
  camera_model: pinhole
  distortion_coeffs: [0.3781654032063172, 0.11809057907891242, -0.8498384051763568, 0.3996972432962877]
  distortion_model: equidistant
  intrinsics: [696.0876819647052, 696.5504401769781, 465.37006356271723, 300.92939509948656]
  resolution: [960, 600]
  rostopic: /zed/zed_node/right/gray/raw/image
